H     0
 S    3   1.00
      34.0613410              0.60251978D-02
       5.1235746              0.45021094D-01
       1.1646626              0.20189726
 S    1   1.00
       0.32723041             1.0000000
 S    1   1.00
       0.10307241             1.0000000
 P    1   1.00
       1.40700000             1.0000000
 P    1   1.00
       0.38800000             1.0000000
 P    1   1.00
       0.95774129632D-01      1.0000000
 D    1   1.00
       1.05700000             1.0000000
 ****
 C     0
 S    6   1.00
   13575.3496820              0.22245814352D-03
    2035.2333680              0.17232738252D-02
     463.22562359             0.89255715314D-02
     131.20019598             0.35727984502D-01
      42.853015891            0.11076259931
      15.584185766            0.24295627626
 S    2   1.00
       6.2067138508           0.41440263448
       2.5764896527           0.23744968655
 S    1   1.00
       0.57696339419          1.0000000
 S    1   1.00
       0.22972831358          1.0000000
 S    1   1.00
       0.95164440028D-01      1.0000000
 S    1   1.00
       0.48475401370D-01      1.0000000
 P    4   1.00
      34.697232244            0.53333657805D-02
       7.9582622826           0.35864109092D-01
       2.3780826883           0.14215873329
       0.81433208183          0.34270471845
 P    1   1.00
       0.28887547253           .46445822433
 P    1   1.00
       0.10056823671           .24955789874
 D    1   1.00
       1.09700000             1.0000000
 D    1   1.00
       0.31800000             1.0000000
 D    1   1.00
       0.90985336424D-01      1.0000000
 F    1   1.00
       0.76100000             1.0000000
 ****
 O     0
 S    6   1.00
   27032.3826310              0.21726302465D-03
    4052.3871392              0.16838662199D-02
     922.32722710             0.87395616265D-02
     261.24070989             0.35239968808D-01
      85.354641351            0.11153519115
      31.035035245            0.25588953961
 S    2   1.00
      12.260860728            0.39768730901
       4.9987076005           0.24627849430
 S    1   1.00
       1.1703108158           1.0000000
 S    1   1.00
       0.46474740994          1.0000000
 S    1   1.00
       0.18504536357          1.0000000
 S    1   1.00
       0.70288026270D-01      1.0000000
 P    4   1.00
      63.274954801            0.60685103418D-02
      14.627049379            0.41912575824D-01
       4.4501223456           0.16153841088
       1.5275799647           0.35706951311
 P    1   1.00
       0.52935117943           .44794207502
 P    1   1.00
       0.17478421270           .24446069663
 P    1   1.00
       0.51112745706D-01      1.0000000
 D    1   1.00
       2.31400000             1.0000000
 D    1   1.00
       0.64500000             1.0000000
 D    1   1.00
       0.14696477366          1.0000000
 F    1   1.00
       1.42800000             1.0000000
 ****
 Si     0
 S    7   1.00
   44773.3580780              0.55914765868D-03
    6717.1992104              0.43206040189D-02
    1528.8960325              0.22187096460D-01
     432.54746585             0.86489249116D-01
     140.61505226             0.24939889716
      49.857636724            0.46017197366
      18.434974885            0.34250236575
 S    3   1.00
      86.533886111            0.21300063007D-01
      26.624606846            0.94676139318D-01
       4.4953057159          -0.32616264859
 S    2   1.00
       2.1035045710           1.3980803850
       1.0106094922           0.63865786699
 S    1   1.00
       0.23701751489          1.0000000
 S    1   1.00
       0.85703405362D-01      1.0000000
 S    1   1.00
       0.37000771280D-01      1.0000000
 P    5   1.00
     394.47503628             0.26285693959D-02
      93.137683104            0.20556257749D-01
      29.519608742            0.92070262801D-01
      10.781663791            0.25565889739
       4.1626574778           0.42111707185
 P    1   1.00
       1.6247972989            .34401746318
 P    1   1.00
       0.54306660493          1.0000000
 P    1   1.00
       0.20582073956          1.0000000
 P    1   1.00
       0.70053487306D-01      1.0000000
 D    1   1.00
       2.30300000             1.0000000
 D    1   1.00
       0.476000000            1.0000000
 D    1   1.00
       0.160000000            1.0000000
 D    1   1.00
       0.55036090333D-01      1.0000000
 F    1   1.00
       0.336000000            1.0000000
 ****