6  0.946503    2.534012    -0.101900
 1  0.311271    2.350583    -0.974255
 1  1.058398    3.617391    0.019955
 6  0.249744    1.993957    1.145102
 1  0.807181    2.333998    2.026955
 1  -0.747305    2.464218    1.190105
 8  2.227458    1.988799    -0.303576
 14  -0.297897    -0.516945    0.070330
 8  -1.084901    0.341548    -1.207154
 1  2.048942    1.071915    -0.580534
 8  0.152311    0.609925    1.230721
 8  -1.863320    -1.004938    0.636519
 6  -2.470711    0.404097    -1.117254
 1  -2.927623    -0.244122    -1.880474
 1  -2.826041    1.427672    -1.294685
 6  -2.838692    -0.087737    0.287267
 1  -2.853458    0.763182    0.989779
 1  -3.833198    -0.550321    0.307666
 8  1.150483    -0.455430    -0.968384
 6  2.009515    -1.537794    -0.821144
 1  3.058214    -1.214086    -0.838145
 1  1.868703    -2.253255    -1.646678
 6  1.645245    -2.191508    0.510990
 8  0.276604    -2.012114    0.664746
 1  1.892589    -3.259364    0.524438
 1  2.194186    -1.703074    1.329909